0.69 0.12 0.03 0.64 0.89 0.12 0.0 0.63 0.05 0.73 0.0 0.54 0.83 0.02 0.31 0.5 0.5 0.85 0.2 0.95 0.43 0.83 0.12 0.52 0.35 0.17 0.57 0.99 0.43 0.89 0.95 0.55 0.86 1.0 0.37 0.47 0.69 0.24 0.2 0.3 0.4 0.75 0.61 0.53 0.36 0.21 0.92 0.8 0.8 0.06 0.12 0.45 0.68 0.92 0.88 0.19 0.89 0.78 0.03 0.54 0.82 0.34 0.34 0.79 0.37 0.32 0.48 0.64 0.65 0.31 0.16 0.05 0.54 0.95 0.02 0.38 0.48 0.45 0.99 0.91 0.32 0.12 0.98 0.35 0.05 0.89 0.83 0.48 0.82 0.99 0.67 0.84 0.27 0.44 0.12 0.22 0.33 0.56 0.41 0.81  
0.67 0.41 0.22 0.97 0.37 0.19 0.57 0.13 0.45 0.29 0.86 0.5 0.31 0.39 0.05 0.43 0.46 0.95 0.95 0.5 0.69 0.18 0.15 1.0 0.75 0.27 0.9 0.06 0.14 0.37 0.59 0.47 0.39 0.01 0.17 0.16 0.62 0.54 0.0 0.5 0.7 0.66 0.9 0.74 0.46 0.67 0.48 0.45 0.06 0.38 0.71 0.22 0.12 0.63 0.75 0.82 0.02 0.34 0.04 0.72 0.04 0.9 0.09 0.06 0.39 0.13 0.68 0.24 0.73 0.36 0.13 0.79 0.35 0.83 0.3 0.54 0.05 0.08 0.16 0.84 1.0 0.28 0.1 0.6 0.37 0.14 0.51 0.41 0.8 0.24 0.01 0.78 0.96 0.26 0.15 0.28 0.68 0.71 0.92 0.08  
0.92 0.65 0.61 0.06 0.02 0.65 1.0 0.14 0.4 0.16 0.85 0.71 0.57 0.64 0.98 0.92 0.01 1.0 0.71 0.85 0.1 0.44 0.03 0.11 0.56 0.32 0.92 0.67 0.41 0.36 0.53 0.8 0.63 0.55 0.03 0.48 0.84 0.99 0.93 0.93 0.58 0.32 0.61 0.02 0.52 0.62 0.56 0.43 0.97 0.18 0.58 0.3 0.97 0.4 0.89 0.33 0.53 0.64 0.5 0.47 0.83 0.19 0.75 0.0 0.1 0.22 0.24 0.97 0.72 0.5 0.52 0.43 0.3 0.41 0.39 0.02 0.64 0.08 0.23 0.21 0.78 0.79 0.24 0.21 0.33 0.94 0.07 0.47 0.15 0.82 0.18 0.67 0.49 0.99 0.88 0.24 0.24 0.88 0.92 0.15  
0.9 0.56 0.4 0.68 0.13 0.6 0.94 0.03 0.64 0.36 0.59 0.25 0.04 0.74 0.89 0.87 0.16 0.81 0.11 0.94 0.13 0.93 0.95 0.35 0.75 0.67 0.91 0.81 0.79 0.11 0.41 0.45 0.69 0.5 0.41 0.71 0.91 0.55 0.94 0.31 0.19 0.34 0.74 0.87 0.18 0.7 0.27 0.19 0.89 0.55 0.18 0.63 0.63 0.29 0.29 0.28 0.46 0.89 0.44 0.68 0.65 0.47 0.79 0.48 0.54 0.11 0.78 0.4 0.44 0.76 0.41 0.34 0.3 0.7 0.87 0.27 0.48 0.28 0.38 0.68 0.06 0.61 0.98 0.41 0.57 0.49 0.15 0.74 0.92 0.99 0.91 0.78 0.53 0.26 0.19 0.73 0.31 0.31 0.68 0.52  
0.43 0.21 0.32 0.22 0.89 0.47 0.97 0.44 0.3 0.51 0.38 0.77 0.22 0.67 0.8 0.75 0.25 0.61 0.24 0.61 0.14 0.15 0.92 0.44 0.78 0.62 0.38 0.43 0.79 0.18 0.9 0.01 0.69 0.23 0.48 0.43 0.64 0.82 0.96 0.29 0.55 0.48 0.84 0.27 0.07 0.22 0.94 0.7 0.06 0.78 0.53 0.7 0.24 0.76 0.99 0.19 0.59 0.85 0.58 0.72 0.45 0.14 0.85 0.54 0.51 0.64 0.71 0.75 0.08 0.07 0.91 0.94 0.48 0.31 0.17 0.22 0.89 0.47 0.24 0.03 0.65 0.85 1.0 0.31 0.24 0.17 0.41 0.7 0.27 0.95 0.56 0.99 0.53 0.44 0.81 0.32 0.41 0.14 0.16 0.5  
0.94 0.02 0.65 0.4 0.67 0.36 0.32 0.84 0.18 0.42 0.0 0.66 0.15 0.51 0.68 0.12 0.96 0.5 0.47 0.03 0.96 0.47 0.93 0.62 0.26 0.87 0.36 0.17 0.04 0.9 0.05 0.95 0.7 0.45 0.51 0.43 0.25 0.63 0.71 0.83 0.56 0.16 0.06 0.35 0.77 0.41 0.9 0.21 0.29 0.88 0.82 0.14 0.42 0.55 0.76 0.78 0.44 0.78 0.17 0.78 0.38 0.5 0.44 0.08 0.49 0.91 0.4 0.62 0.41 0.49 0.49 0.89 0.93 0.56 0.14 0.62 0.6 0.8 0.78 0.43 0.6 0.8 0.2 0.6 0.22 0.26 0.34 0.63 0.17 0.24 0.94 0.28 0.17 0.99 0.48 0.52 0.13 0.77 0.08 0.78  
0.18 0.58 0.92 0.5 0.85 0.04 0.47 0.92 0.69 0.18 0.05 0.98 0.51 0.84 0.28 0.61 0.06 0.15 0.35 0.7 0.92 0.56 0.65 0.06 0.56 0.34 0.7 0.74 0.52 0.51 0.73 0.54 0.36 0.07 0.12 0.9 0.25 0.72 0.67 0.07 0.33 0.35 0.99 0.23 0.83 0.5 0.92 0.21 0.43 0.07 0.08 0.56 0.75 0.99 0.04 0.79 0.12 0.01 0.72 0.52 0.18 0.23 0.71 0.23 0.83 0.02 0.98 0.42 0.27 0.72 0.78 0.93 0.61 0.67 0.76 0.8 0.76 0.43 0.53 0.8 0.47 0.25 0.09 0.65 0.93 0.7 0.33 0.74 0.96 0.88 0.1 0.68 0.12 0.47 0.63 0.98 0.02 0.15 0.41 0.96  
0.43 0.82 0.69 0.33 0.27 0.56 0.86 0.92 0.38 0.81 0.73 0.83 0.08 0.61 0.97 0.51 0.63 0.01 0.23 0.34 0.17 0.33 0.49 0.99 0.93 0.21 0.64 0.09 0.65 0.72 0.73 0.77 0.08 0.25 0.73 0.24 0.72 0.24 0.92 0.99 0.38 0.01 0.33 0.85 0.31 0.31 0.49 0.11 0.98 0.85 0.14 0.96 0.54 0.67 0.0 0.44 0.11 0.18 0.96 0.66 0.74 0.76 0.44 0.45 0.98 0.82 0.5 0.2 0.34 0.74 0.73 0.43 0.98 0.5 0.42 0.71 0.96 0.62 0.83 0.53 0.38 0.51 0.63 0.99 0.48 0.73 0.88 0.63 0.67 0.4 0.71 0.42 0.86 0.51 0.11 0.28 0.25 0.28 0.99 0.0  
0.09 0.16 0.45 0.72 0.18 0.03 0.88 0.06 0.48 0.9 0.24 0.85 0.97 0.57 0.22 0.1 0.18 0.77 0.37 0.54 0.96 0.94 0.89 0.86 0.61 0.09 0.59 0.68 0.54 0.88 0.95 0.6 0.27 0.19 0.16 0.79 0.21 0.02 0.94 0.08 0.08 0.02 0.83 0.27 0.46 0.17 0.28 0.83 0.07 0.58 0.83 0.44 0.78 0.0 0.74 0.61 0.39 0.45 0.5 0.99 0.36 0.24 0.48 0.32 0.62 0.84 0.63 0.58 0.27 0.24 0.22 0.51 0.08 0.84 0.63 0.55 0.13 0.45 0.36 0.38 0.52 0.88 0.17 0.13 0.71 0.14 0.25 0.05 0.37 0.59 0.89 0.54 0.82 0.45 0.9 0.25 0.6 0.45 0.31 0.86  
0.46 0.71 0.78 0.81 0.57 0.07 0.94 0.62 0.11 0.29 0.57 0.65 0.71 0.96 0.44 0.37 0.68 0.86 0.95 0.14 0.76 0.96 0.21 0.84 0.47 0.44 0.83 0.93 0.93 0.95 0.59 0.33 0.02 0.84 0.63 0.73 0.25 0.35 0.91 0.49 0.91 0.29 0.39 0.56 0.89 0.52 0.78 0.63 0.86 0.36 0.97 0.57 0.3 0.19 0.49 0.17 0.48 0.53 0.59 0.3 0.48 0.37 0.35 0.94 0.79 0.89 0.35 0.0 0.59 0.52 0.32 0.39 0.23 0.97 0.61 0.6 0.77 0.84 0.48 0.01 0.69 0.61 0.34 0.13 0.01 1.0 0.82 0.33 0.05 0.31 0.77 0.83 0.24 0.58 0.67 0.48 0.93 0.58 0.04 0.35  
0.15 0.23 0.74 0.18 0.92 0.27 0.6 0.61 0.22 0.16 0.42 0.45 0.28 0.58 0.5 0.28 0.16 0.41 0.02 0.63 0.03 0.73 0.09 0.0 0.69 0.32 0.88 0.43 0.89 0.06 0.46 0.72 0.25 0.75 0.74 0.96 0.32 0.24 0.72 0.86 0.21 0.26 0.7 0.2 0.96 0.85 0.14 0.08 0.57 0.2 0.61 0.21 0.88 0.46 0.53 0.95 0.32 0.42 0.82 0.0 0.58 0.01 0.45 0.78 0.81 0.02 0.58 0.02 0.77 0.06 0.12 0.32 0.96 0.39 0.52 0.55 0.13 0.33 0.19 0.22 0.06 0.56 0.01 0.53 0.76 0.48 0.66 0.38 0.45 0.33 0.33 0.51 0.92 0.07 0.64 0.63 0.49 0.97 0.95 0.93  
0.38 0.21 0.72 0.25 0.43 0.41 0.3 0.74 0.37 0.32 0.17 0.47 0.22 0.07 0.97 0.13 0.97 0.92 0.26 0.8 0.33 0.88 0.04 0.95 0.48 0.54 0.31 0.82 0.05 0.12 0.1 0.98 0.05 0.01 0.38 0.97 0.95 0.11 0.13 0.2 0.76 0.81 0.7 0.23 0.39 0.86 0.3 0.68 0.61 0.17 0.18 0.86 0.39 0.25 0.37 0.79 0.48 0.22 0.6 0.6 1.0 0.34 0.12 0.78 0.79 0.27 0.44 0.94 0.19 0.88 0.33 0.99 0.45 0.99 0.29 0.45 0.94 0.08 0.8 0.25 0.46 0.24 0.42 0.13 0.83 0.27 0.77 0.12 0.01 0.66 0.93 0.36 0.42 0.98 0.57 0.21 0.19 0.32 0.43 0.03  
0.34 0.6 0.37 0.54 0.57 0.07 0.41 0.69 0.73 0.59 0.47 0.79 0.13 0.32 0.54 0.94 0.42 0.89 0.29 0.94 0.47 0.47 0.64 0.43 0.13 0.14 0.25 0.52 0.25 0.2 0.07 0.08 0.53 0.75 0.04 0.57 0.26 0.28 0.77 0.5 0.87 0.88 0.93 0.95 0.51 0.67 0.21 0.6 0.57 0.95 0.27 0.74 0.32 0.07 0.92 0.01 0.05 0.25 0.31 0.75 0.38 0.15 0.44 0.74 0.52 0.79 0.79 0.31 0.02 0.18 0.84 0.06 0.72 0.29 0.18 0.07 0.34 0.7 0.08 0.83 0.64 0.19 0.44 0.37 0.02 0.55 0.0 0.47 0.79 0.91 0.55 0.36 0.68 0.34 0.57 0.46 0.65 0.78 0.38 0.98  
0.31 0.19 0.7 0.04 0.15 0.43 0.49 0.46 0.22 0.33 0.93 0.41 0.49 0.49 0.08 0.09 0.26 0.85 0.55 0.78 0.59 0.93 0.03 0.15 0.47 0.83 0.05 0.84 0.0 0.29 0.78 0.46 0.41 0.37 0.03 0.66 0.01 0.89 0.65 0.93 0.66 0.55 0.97 0.14 0.28 0.39 0.63 0.9 0.4 0.17 0.35 0.29 0.37 0.65 0.86 0.37 0.1 0.77 0.1 0.15 0.85 0.53 0.31 0.3 0.48 0.46 0.43 0.14 0.9 0.15 0.37 0.54 0.55 0.32 0.46 0.99 0.56 0.83 0.38 0.15 0.23 0.61 0.2 0.71 0.13 0.51 0.3 0.13 0.9 0.95 0.76 0.17 0.34 0.68 0.01 0.85 0.9 0.18 0.96 0.23  
0.15 0.84 0.02 0.63 0.78 0.66 0.6 0.52 0.56 0.16 0.52 0.36 0.9 0.13 0.11 0.32 0.61 0.9 0.06 0.09 0.55 0.44 0.4 0.2 0.41 0.57 0.28 0.8 0.9 0.73 0.93 0.14 0.07 0.09 0.57 0.09 0.19 0.95 0.59 0.6 0.74 0.41 0.41 0.3 0.14 0.64 0.72 0.53 0.08 0.17 0.9 0.26 0.56 0.6 0.41 0.38 1.0 0.54 0.8 0.84 0.34 0.63 0.97 0.63 0.47 0.31 0.77 0.9 0.64 0.58 0.02 0.29 0.62 0.77 0.04 0.33 0.76 0.49 0.94 0.53 0.54 0.98 0.46 0.25 0.04 0.31 0.23 0.24 0.48 0.58 0.61 0.64 0.87 0.69 0.25 0.35 0.38 0.08 0.64 0.86  
0.5 0.79 0.47 0.05 0.84 0.36 0.88 0.96 0.3 0.07 0.88 0.34 0.06 0.89 0.29 0.58 0.74 0.44 0.52 0.51 0.33 0.7 0.54 0.02 0.21 0.36 0.13 0.49 0.05 0.35 0.14 0.65 0.25 0.76 0.35 0.14 0.44 0.24 0.8 0.71 0.06 0.75 0.06 0.05 0.4 0.11 0.24 0.39 0.37 0.56 0.72 0.18 0.06 0.56 0.86 0.48 0.78 0.23 0.87 0.63 0.21 0.89 0.11 0.07 0.4 0.95 0.01 0.33 0.46 0.64 0.39 0.2 0.29 0.04 0.75 0.25 0.86 0.63 0.96 0.29 0.03 0.93 0.72 0.75 0.41 0.35 0.12 0.82 0.52 0.82 0.69 0.86 0.55 0.98 0.5 0.58 0.66 0.72 0.14 0.77  
0.72 0.5 0.46 0.44 0.66 0.97 0.72 0.86 0.48 0.53 0.81 0.53 0.11 0.7 0.85 0.85 0.81 0.93 0.31 0.18 0.99 0.62 0.12 0.13 0.49 0.37 0.81 0.07 0.29 0.14 0.29 0.25 0.88 0.19 0.8 0.46 0.94 0.82 0.11 0.03 0.31 0.5 0.85 0.38 0.2 0.43 0.14 0.99 1.0 0.21 0.28 0.18 0.71 0.38 0.46 0.88 0.16 0.44 0.79 0.87 0.83 0.16 0.82 0.53 0.77 0.55 0.2 0.13 0.05 0.94 0.6 0.44 0.11 0.72 0.25 0.8 0.47 0.75 0.78 0.65 0.02 0.75 0.31 0.42 0.74 0.64 0.64 0.89 0.66 0.65 0.39 0.02 0.93 0.87 0.94 0.11 0.95 0.11 0.68 0.2  
0.18 0.01 0.86 0.77 0.18 0.87 0.79 0.31 0.13 0.39 0.85 0.55 0.39 0.68 0.06 0.19 0.56 0.52 0.22 0.42 0.53 0.25 0.93 0.81 0.57 0.18 0.09 0.1 0.49 0.62 0.07 0.7 0.31 0.35 0.19 0.43 0.5 0.51 0.72 0.14 0.23 0.38 0.32 0.23 0.51 0.8 0.69 0.4 0.09 0.76 0.71 0.53 0.52 0.23 0.62 0.53 0.38 0.59 0.57 0.39 0.05 0.79 0.68 0.49 0.94 0.67 0.44 0.55 0.1 0.59 0.85 0.64 0.7 0.5 0.25 0.81 0.37 0.99 0.22 0.79 0.1 0.98 0.11 0.75 0.6 0.46 0.19 0.48 0.39 0.38 0.34 0.11 0.19 0.3 0.42 0.09 0.99 0.93 0.2 0.25  
0.68 0.28 0.84 0.91 0.62 0.07 0.3 0.1 0.5 0.81 0.2 0.43 0.77 0.26 0.69 0.88 0.16 0.2 0.88 0.29 0.87 0.87 0.18 0.32 0.94 0.07 0.96 0.76 0.09 0.49 0.2 0.08 0.49 0.07 0.8 0.71 0.73 0.85 0.45 0.86 0.12 0.4 0.58 0.38 0.52 0.89 0.07 0.18 0.58 0.73 0.62 0.38 0.49 0.07 0.02 0.87 0.56 0.74 0.31 0.85 0.01 0.6 0.99 0.8 0.41 0.05 0.1 0.59 0.23 0.29 0.98 0.35 0.58 0.58 0.88 0.66 0.13 0.44 0.46 0.65 0.88 0.35 0.5 0.78 0.74 0.52 0.55 0.63 0.68 0.42 0.56 0.37 0.36 0.94 0.84 0.35 0.4 0.51 0.47 0.29  
0.82 0.04 0.71 0.16 0.06 0.28 0.51 0.49 0.06 0.99 0.24 0.72 0.81 0.52 0.46 0.11 0.57 0.37 0.08 0.93 0.54 0.74 0.9 0.83 0.59 0.65 0.94 0.1 0.05 0.72 0.29 0.39 0.95 0.62 0.47 0.24 0.52 0.12 0.48 0.69 0.05 0.72 0.75 0.08 0.05 0.36 0.23 0.89 0.32 0.77 0.66 0.16 0.57 0.07 0.87 0.33 0.18 0.41 0.8 0.32 0.49 0.02 0.2 0.21 0.35 0.42 0.85 0.21 0.85 0.33 0.25 0.44 0.94 0.69 0.33 0.78 0.71 0.26 0.55 0.02 0.82 0.42 0.39 0.8 0.22 0.0 0.88 0.87 0.13 0.88 0.91 0.95 0.51 0.14 0.9 0.95 0.83 0.93 0.14 0.92  
