0.77 0.54 0.15 0.62 0.82 0.07 0.33 0.95 0.51 0.64 0.3 0.86 0.7 0.16 0.88 0.83 0.2 0.09 0.57 0.33 0.01 0.98 0.67 0.05 0.56 0.58 0.26 0.02 0.22 0.05 0.22 0.31 0.43 0.69 0.68 0.82 0.97 0.22 0.99 0.97 0.12 0.62 0.22 0.09 0.22 0.72 0.75 0.11 0.62 0.76 0.66 1.0 0.86 0.76 0.06 0.38 0.04 0.85 0.56 0.83 0.2 0.84 0.49 0.55 0.16 0.35 0.75 0.04 0.53 0.22  
0.28 0.99 0.03 0.15 0.32 0.83 0.61 0.22 0.29 0.56 0.93 0.89 0.62 0.36 0.76 0.24 0.56 0.8 0.23 0.54 0.22 0.99 0.89 0.76 0.85 0.12 0.84 0.9 0.79 0.14 0.68 0.6 0.96 0.5 0.39 0.1 0.24 0.64 0.73 0.35 0.7 0.1 0.29 0.54 0.84 0.73 0.47 0.6 0.72 0.38 0.23 0.62 1.0 0.92 1.0 0.4 0.77 0.99 0.99 0.2 0.78 0.57 0.22 0.23 0.97 0.38 0.35 0.78 0.68 0.8  
0.02 0.25 0.05 0.86 0.64 0.73 0.0 0.04 0.19 0.62 0.89 0.68 0.25 0.12 0.8 0.42 0.5 0.24 0.68 0.2 0.94 0.88 0.51 0.78 0.06 0.21 0.5 0.41 0.0 0.48 0.43 0.0 0.76 0.69 0.22 0.13 0.49 0.29 0.81 0.93 0.7 0.23 0.93 0.92 0.04 0.28 0.31 0.08 0.63 0.46 0.42 0.35 0.09 0.74 0.9 0.9 0.92 0.95 0.32 0.14 0.49 0.23 0.5 0.36 0.65 0.51 0.99 0.5 0.81 0.93  
0.07 0.01 0.69 0.2 0.16 0.49 0.73 0.94 0.81 0.85 0.99 0.98 0.03 0.33 0.53 0.49 0.72 0.67 0.37 0.61 0.33 0.95 0.44 0.87 0.72 0.65 0.58 0.3 0.42 0.21 0.27 0.6 0.98 0.43 0.41 0.2 0.53 0.61 0.84 0.23 0.27 0.94 0.03 0.79 0.77 0.4 0.89 0.73 0.45 0.58 0.05 0.66 0.4 0.38 0.56 0.28 0.33 0.75 0.73 0.32 0.49 0.8 0.7 0.08 0.63 0.64 0.5 0.99 0.07 0.26  
0.53 0.44 0.75 0.85 0.72 0.48 0.33 0.39 0.38 0.13 0.5 0.32 0.14 0.79 0.41 0.69 0.58 0.93 0.06 0.42 0.81 0.73 0.99 0.04 0.78 0.82 0.82 0.46 0.14 0.94 0.61 0.45 0.11 0.18 0.94 0.83 0.42 0.1 0.35 0.24 0.13 0.93 0.58 0.42 0.13 0.99 0.59 0.71 0.37 0.68 0.29 0.25 0.66 0.96 0.64 0.0 0.01 0.04 0.1 0.38 0.37 0.8 0.67 0.6 0.87 0.78 0.05 0.39 0.14 0.18  
0.22 0.77 0.8 0.65 0.37 0.19 0.8 0.99 0.07 0.9 0.36 0.77 0.57 0.92 0.04 0.44 0.44 0.5 0.92 0.03 0.02 0.07 0.75 0.65 0.69 0.29 0.01 0.97 0.87 0.21 0.91 0.02 1.0 0.68 0.42 0.04 0.44 0.88 0.45 0.81 0.72 0.67 0.14 0.12 0.3 0.64 0.68 0.55 0.36 0.68 0.51 0.79 0.68 0.22 0.19 0.19 0.48 0.15 0.02 0.74 0.15 0.24 0.46 0.33 0.75 0.83 0.41 0.29 0.4 0.11  
0.38 0.69 0.18 0.97 0.4 0.85 0.72 0.93 0.55 0.73 0.18 0.97 0.0 0.85 0.57 0.54 0.1 0.21 0.87 0.14 0.09 0.54 0.2 0.05 0.18 0.95 0.01 0.71 0.98 0.53 0.32 0.52 0.67 0.16 0.23 0.1 0.08 0.06 0.14 0.55 0.49 0.99 0.61 0.15 0.74 0.35 0.5 0.07 0.7 0.34 0.7 0.95 0.95 0.64 0.71 0.43 0.27 0.97 0.53 0.26 0.69 0.53 0.37 0.69 0.11 0.46 0.32 0.8 0.72 0.87  
0.43 0.79 0.92 0.58 0.72 0.79 0.43 0.42 0.99 0.75 0.68 0.07 0.97 0.69 0.9 0.82 0.87 0.25 0.15 0.0 0.32 0.85 0.26 0.64 0.78 0.35 0.51 0.13 0.37 0.56 0.14 0.68 0.7 0.9 0.95 0.88 0.5 0.88 0.6 0.72 0.76 0.16 0.06 0.97 0.33 0.87 0.01 0.24 0.72 0.59 0.2 0.77 0.86 0.52 0.7 0.04 0.95 0.73 0.12 0.89 0.9 0.22 0.33 0.72 0.3 0.85 0.67 0.63 0.82 0.67  
0.31 0.3 0.48 0.63 0.29 0.19 0.73 0.61 0.71 0.61 0.73 0.06 0.62 0.88 0.64 0.55 0.6 0.2 0.86 0.28 0.43 0.78 0.28 0.76 0.6 0.8 0.05 0.3 0.7 0.36 0.47 0.89 0.08 0.72 0.9 0.48 0.61 0.23 0.36 0.03 0.53 0.62 0.69 0.42 0.62 0.94 0.9 0.18 0.73 0.58 0.8 0.59 0.09 0.49 0.35 0.4 0.94 0.36 0.7 0.82 0.98 0.06 0.63 0.06 0.14 0.34 0.03 0.57 0.68 0.92  
0.89 0.02 0.11 0.54 0.75 0.44 0.9 0.81 0.64 0.65 0.89 0.61 0.2 0.52 0.22 0.04 0.21 0.92 0.73 0.74 0.66 0.42 0.85 0.1 0.44 0.17 0.87 0.95 0.76 0.13 0.44 0.65 0.87 0.16 0.52 0.16 0.8 0.02 0.25 0.19 0.85 0.42 0.94 0.89 0.82 0.66 0.87 0.6 0.27 0.23 0.57 0.71 0.96 0.22 0.31 0.45 0.88 0.56 0.48 0.6 0.61 0.77 0.22 0.91 0.44 0.9 0.7 0.92 0.1 0.53  
0.53 0.43 0.07 0.75 0.21 0.69 0.18 0.96 0.74 0.64 0.63 0.21 0.48 0.26 0.52 0.48 0.6 0.11 0.95 0.07 0.01 0.68 0.75 0.79 0.1 0.0 0.25 0.05 0.32 0.35 0.05 0.39 0.83 0.58 0.07 0.37 0.01 0.62 0.21 0.7 0.2 0.29 0.57 0.77 0.24 0.59 0.55 0.78 0.02 0.78 1.0 0.38 0.54 0.28 0.33 0.71 0.53 0.04 0.7 0.44 0.72 0.68 0.38 0.99 0.89 0.71 0.94 0.61 0.52 0.62  
0.14 0.6 0.5 0.97 0.43 0.16 0.1 0.45 0.33 0.56 0.93 0.76 0.37 0.71 0.61 0.76 0.97 0.07 0.22 0.21 0.32 0.92 0.24 0.77 0.42 0.75 0.79 0.45 0.26 0.54 0.82 0.19 0.68 0.3 0.3 0.27 0.63 0.6 0.62 0.61 0.17 0.81 0.09 0.23 0.29 0.66 0.93 0.6 0.58 0.5 0.18 0.27 0.52 0.52 0.72 0.25 0.75 0.47 0.86 0.83 0.67 0.58 0.28 0.83 0.45 0.96 0.36 0.03 0.04 0.05  
0.85 0.67 0.61 0.07 0.22 0.59 0.98 0.39 0.4 0.51 0.38 0.97 0.18 0.29 0.48 0.88 0.25 0.95 0.02 0.98 0.88 0.32 0.59 0.21 0.09 0.77 0.61 0.25 0.58 0.79 0.48 0.3 0.68 0.07 0.95 0.66 0.76 0.19 0.08 0.96 0.25 0.72 0.19 0.35 0.3 0.63 0.41 0.04 0.22 0.52 0.06 0.97 0.48 0.13 0.25 1.0 0.13 0.93 0.76 0.46 0.18 0.32 0.61 0.3 0.57 0.4 0.91 0.15 0.96 0.25  
0.2 0.01 0.5 0.64 0.98 0.23 0.8 0.21 0.91 0.28 0.58 0.34 0.24 0.07 0.84 0.8 0.9 0.86 0.05 0.12 0.16 0.97 0.25 0.57 0.93 0.77 0.35 0.87 0.63 0.1 0.15 0.07 0.88 0.62 0.74 0.63 0.61 0.91 0.27 0.03 0.72 0.4 0.37 0.68 0.05 0.26 0.61 0.97 0.38 0.58 0.56 0.56 0.07 0.86 0.46 0.74 0.15 0.93 0.42 0.18 0.9 0.04 0.33 0.44 0.67 0.46 0.0 0.16 0.93 0.77