0.57 0.15 0.24 0.26 0.85 0.42 0.59 0.92 0.28 0.81 0.33 0.27 0.94 0.51 0.02 0.67 0.65 0.31 0.29 0.84 0.92 0.63 0.09 0.68 0.63 0.43 0.06 0.85 0.21 0.91 0.17 0.32 0.36 0.21 0.89 0.55 0.63 0.74 0.68 0.47 0.15 0.78 0.22 0.68 0.58 0.7 0.94 0.05 0.56 0.19 0.63 0.35 0.05 0.73 0.46 0.78 0.84 0.43 0.73 0.49  
0.78 0.35 0.67 0.1 0.55 0.67 0.11 0.46 0.44 0.58 0.52 0.1 0.96 0.53 0.92 0.01 0.61 0.87 0.4 0.61 0.57 0.71 0.56 0.97 0.06 0.35 0.07 0.98 0.87 0.5 0.46 0.98 0.48 0.04 0.89 0.2 0.08 0.93 0.18 0.46 0.67 0.84 0.33 0.25 0.7 0.42 0.11 0.47 0.98 0.59 0.57 0.98 0.91 0.49 0.54 0.16 0.27 0.34 0.75 0.87  
0.25 0.63 0.96 0.03 0.9 0.72 0.05 0.4 0.09 0.49 0.71 0.14 0.44 0.03 0.88 0.98 0.81 0.07 0.49 0.06 0.1 0.43 0.59 0.59 0.75 0.37 0.36 0.05 1.0 0.4 0.61 0.61 0.24 0.87 1.0 0.02 0.94 0.22 0.08 0.55 0.49 0.74 0.66 0.92 0.22 0.33 0.06 0.52 0.86 0.61 0.93 0.91 0.56 0.64 0.09 0.78 0.96 0.28 0.2 0.39  
0.34 0.25 0.76 0.7 0.68 0.84 0.59 0.51 0.63 0.17 0.31 0.83 0.86 0.96 0.58 0.12 0.71 0.88 0.63 0.09 0.43 0.31 0.72 0.94 0.07 0.96 0.1 0.2 0.1 0.4 0.09 0.63 0.15 0.07 0.15 0.86 0.94 0.41 0.44 0.97 0.17 0.95 0.46 0.25 0.51 0.57 0.09 0.22 0.99 0.3 0.28 0.96 0.28 0.37 0.12 0.64 0.68 0.76 0.08 0.41  
0.59 0.55 0.44 0.41 0.32 0.17 0.73 0.24 0.28 0.65 0.59 0.69 0.3 0.99 0.83 0.39 0.85 0.69 0.62 0.43 0.91 0.55 0.85 0.78 0.79 0.05 0.22 0.19 0.19 0.37 0.29 0.76 0.23 0.82 0.95 0.19 0.3 0.88 0.88 0.86 0.35 0.06 0.4 0.07 0.82 0.21 0.77 0.41 0.02 0.85 0.43 0.4 0.68 0.92 0.9 0.1 0.6 0.94 0.92 0.81  
0.86 0.74 0.34 0.52 0.94 0.45 0.73 0.12 0.83 0.77 0.05 0.27 0.02 0.0 0.68 0.05 0.44 0.77 0.38 0.29 0.69 0.07 0.82 0.35 0.82 0.35 0.48 0.24 0.53 0.6 0.31 0.35 0.37 0.24 0.08 0.26 0.69 0.03 0.67 0.25 0.95 0.05 0.62 0.56 0.36 0.4 0.16 0.83 0.85 0.06 0.51 0.36 0.21 0.07 0.65 0.26 0.24 0.98 0.11 0.3  
0.75 0.32 0.18 0.1 0.01 0.83 0.65 0.49 0.76 0.82 0.03 0.9 0.28 0.25 0.09 0.46 0.99 0.71 0.15 0.87 0.04 0.91 0.93 0.99 0.91 0.82 0.07 0.46 0.64 0.94 0.13 0.54 0.22 0.25 0.82 0.96 0.11 0.36 0.81 0.49 0.23 0.43 0.33 0.35 0.53 0.11 0.49 0.83 0.6 0.11 0.45 0.05 0.87 0.12 0.81 0.68 0.78 0.29 0.51 0.39  
0.15 0.41 0.14 0.85 0.28 0.74 0.12 0.72 0.76 0.23 0.56 0.49 0.67 0.7 0.49 0.71 0.22 0.81 0.98 0.35 0.71 0.99 0.57 0.22 0.88 0.16 0.41 0.22 0.23 0.49 0.94 0.63 0.2 0.9 0.84 0.65 0.66 0.87 0.82 0.66 0.72 0.22 0.96 0.01 0.15 0.86 0.13 0.11 0.73 0.34 0.78 0.44 0.75 0.59 0.17 0.85 0.38 0.15 0.11 0.26  
0.27 0.7 0.33 0.2 0.69 0.83 0.04 0.91 0.58 0.3 0.12 0.46 0.68 0.63 0.19 0.49 0.43 0.89 0.28 0.08 0.55 0.22 0.34 0.45 0.34 0.02 0.68 0.03 0.76 0.13 0.51 0.03 0.83 0.03 0.43 0.08 0.33 0.27 0.89 0.49 0.17 0.36 0.45 0.19 0.63 0.61 0.95 0.19 0.5 0.2 0.16 0.24 0.78 0.39 0.69 0.1 0.82 0.41 0.27 0.69  
0.07 0.53 0.01 0.33 0.35 0.15 0.75 0.98 0.27 0.06 0.48 0.66 0.17 0.38 0.53 0.74 0.62 0.77 0.98 0.29 0.23 0.48 0.37 0.17 0.87 0.37 0.12 0.19 0.04 0.42 0.04 0.08 0.83 0.87 0.44 0.8 0.65 0.31 0.8 0.4 0.05 0.06 0.55 0.95 0.82 0.25 0.68 0.38 0.66 0.08 0.94 0.27 0.42 0.87 0.2 0.6 0.68 0.74 0.1 0.51  
0.42 0.9 0.44 0.45 0.11 0.82 0.05 0.44 0.04 0.63 0.57 0.89 0.65 0.69 0.54 0.2 0.02 0.27 0.38 0.62 0.96 0.94 0.49 0.54 0.98 0.35 0.29 0.79 0.7 0.74 0.37 0.04 0.2 0.85 0.93 0.06 0.84 0.36 0.72 0.3 0.65 0.61 0.31 0.6 0.94 0.77 0.87 0.9 0.78 0.2 0.08 0.27 0.33 0.54 0.6 0.34 0.41 0.36 0.48 0.21  
0.56 0.27 0.4 0.38 0.04 0.64 0.95 0.39 0.4 0.3 0.44 0.55 0.06 0.88 0.49 0.03 0.25 0.54 0.46 0.71 0.81 0.64 0.24 0.82 0.9 0.5 0.18 0.82 0.56 0.73 0.93 0.42 0.8 0.99 0.99 0.45 0.75 0.47 0.07 0.6 0.42 0.04 0.98 0.69 0.13 0.23 0.04 0.11 0.34 0.97 0.48 0.28 0.54 0.54 0.65 0.05 0.09 0.72 0.87 0.43  
0.57 0.78 0.49 0.26 0.88 0.8 0.22 0.44 0.36 0.03 0.41 0.25 0.87 0.49 0.89 0.05 0.09 0.86 0.88 0.44 0.45 0.29 0.43 0.36 0.19 0.1 0.95 0.8 0.75 0.47 0.19 0.6 0.14 0.74 0.31 0.24 0.44 0.46 0.55 0.96 0.41 0.51 0.38 0.28 0.37 0.37 0.7 0.56 0.94 0.93 0.63 0.84 0.71 0.79 0.34 0.07 0.24 0.79 0.52 0.14  
0.65 0.77 0.78 0.51 0.96 0.37 0.73 0.19 0.79 0.57 0.24 0.52 0.48 0.77 0.54 0.23 0.77 0.67 0.37 0.75 0.02 0.29 0.6 0.14 0.81 0.9 0.38 0.45 0.08 0.73 0.43 0.71 0.17 0.99 0.11 0.33 0.46 0.88 0.37 0.19 0.68 0.7 0.02 0.18 1.0 0.81 0.83 0.7 0.95 0.35 0.03 0.99 0.85 0.54 0.07 0.2 0.84 0.45 0.56 0.33  
0.92 0.21 0.82 0.25 0.24 0.72 0.2 0.51 0.79 0.04 0.51 0.7 0.33 0.84 0.95 0.54 0.26 0.46 0.98 0.06 0.94 0.41 0.9 0.98 0.26 0.23 0.75 0.19 0.44 0.23 0.78 0.36 0.97 0.58 0.43 0.51 0.52 0.89 0.79 0.45 0.06 0.6 0.73 0.99 0.66 0.04 0.61 0.85 0.72 0.34 0.18 0.45 0.16 0.03 0.56 0.53 0.75 0.45 0.53 0.12  
0.19 0.81 0.13 0.29 0.82 0.3 0.39 0.32 0.88 0.1 0.63 0.37 0.78 0.91 0.73 0.77 0.79 0.36 0.47 0.54 0.54 0.07 0.03 0.99 0.08 0.14 0.33 0.55 0.05 0.54 0.47 0.66 0.21 0.54 0.37 0.61 0.16 0.26 0.33 0.94 0.07 0.24 0.08 0.41 0.62 0.82 0.5 0.13 0.85 0.06 0.54 0.84 0.4 0.71 0.73 0.22 0.99 0.08 0.08 0.28  
1.0 0.15 0.06 0.11 0.1 0.91 0.75 0.3 0.64 0.38 0.62 0.65 0.69 0.37 0.98 0.06 0.39 0.82 0.66 0.69 0.93 0.95 0.28 0.76 0.48 0.49 0.49 0.86 0.07 0.63 0.11 0.83 0.65 0.46 0.7 0.73 0.05 0.02 0.99 0.92 0.08 0.41 0.96 0.58 0.35 0.82 0.66 0.73 0.23 0.44 0.06 0.98 0.38 0.16 0.76 0.23 0.83 0.73 0.19 0.75  
0.74 0.26 0.4 0.89 0.64 0.76 0.44 0.25 0.17 0.46 0.6 0.91 0.85 0.06 0.17 0.85 0.14 0.54 0.36 0.65 0.12 0.89 0.71 0.12 0.29 0.98 0.04 0.6 0.81 0.08 0.37 0.1 0.21 0.57 0.07 0.76 0.74 0.13 0.99 0.67 0.23 0.3 0.34 0.19 0.55 0.28 0.28 0.87 0.36 0.71 0.77 0.99 0.62 0.92 0.82 0.74 0.29 0.09 0.83 0.29  
0.99 0.94 0.36 0.93 0.29 0.05 0.1 0.6 0.75 0.56 0.93 0.26 0.45 0.41 0.08 0.9 0.93 0.84 0.8 0.95 0.37 0.64 0.86 0.27 0.81 0.01 0.22 0.09 0.49 0.96 0.36 0.72 0.1 0.18 0.74 0.8 0.5 0.05 0.25 0.91 0.6 0.12 0.26 0.89 0.68 0.02 0.76 0.56 0.06 0.21 0.29 0.15 0.9 0.8 0.02 0.91 0.53 0.75 0.99 0.52  
0.8 0.49 0.6 0.53 0.38 0.11 0.99 0.79 0.36 0.06 0.32 0.28 0.67 0.53 0.07 0.52 0.77 0.48 0.67 0.3 0.71 0.58 0.14 0.36 0.42 0.28 0.33 0.2 0.87 0.44 0.27 0.06 0.44 0.01 0.58 0.01 0.08 0.65 0.46 0.7 0.98 0.14 0.59 0.45 0.44 0.93 0.59 0.99 0.2 0.35 0.0 0.45 0.06 0.22 0.69 0.66 0.86 0.32 0.19 0.34  
0.9 0.03 0.42 0.37 0.64 0.39 0.08 0.77 0.26 0.81 0.52 0.54 0.84 0.68 0.54 0.45 0.3 0.87 0.41 0.08 0.99 0.66 0.62 0.4 0.59 0.06 0.45 0.93 0.56 0.2 0.14 0.87 0.62 0.25 0.39 0.9 0.72 0.46 0.54 0.68 0.86 0.39 0.99 0.24 0.92 0.38 0.81 0.24 0.69 0.6 0.99 0.75 0.81 0.5 0.05 0.57 0.24 0.5 0.74 0.64  
0.45 0.36 0.96 0.3 0.22 0.99 0.32 0.29 0.28 0.74 0.16 0.09 0.95 0.93 0.86 0.62 0.0 0.5 0.39 0.32 0.4 0.55 0.37 0.72 0.34 0.77 0.81 0.82 0.86 0.51 0.43 0.99 0.53 0.74 1.0 0.93 0.53 0.93 0.42 0.0 0.77 0.31 0.37 0.23 0.3 0.9 0.16 0.6 0.2 0.33 0.11 0.84 0.24 0.15 0.19 0.2 0.97 0.28 0.87 0.96  
0.81 0.95 0.02 0.27 0.52 0.42 0.74 0.03 0.77 0.49 0.07 0.27 0.22 1.0 0.42 0.93 0.13 0.19 0.2 0.69 0.85 0.94 0.36 0.8 0.84 0.81 0.95 0.97 0.63 0.99 0.48 0.55 0.97 0.15 0.97 0.39 0.86 0.43 0.7 0.22 0.52 0.88 0.23 0.23 0.25 0.81 0.3 0.54 0.2 0.78 0.95 0.7 0.51 0.13 0.01 0.55 0.76 0.18 0.44 0.62  
0.93 0.6 0.17 0.01 0.79 0.73 0.21 0.79 0.85 0.93 0.42 0.03 0.93 0.6 0.0 0.33 0.31 0.6 0.89 0.11 0.07 0.71 0.77 0.7 0.34 0.71 0.67 0.56 0.89 0.71 0.56 0.14 0.56 0.35 0.03 0.91 0.81 0.69 0.97 0.5 0.13 0.5 0.92 0.85 0.23 0.96 0.55 1.0 0.24 0.98 0.38 0.86 0.64 0.27 0.28 0.27 0.66 0.97 0.1 0.41  
0.98 0.36 0.26 0.61 0.93 0.04 0.24 0.52 0.25 0.75 0.86 0.47 0.37 0.8 0.17 0.02 0.43 0.09 0.17 0.54 0.98 0.51 0.88 0.84 0.95 0.49 0.61 0.93 0.73 0.39 0.98 0.05 0.53 0.67 0.79 0.34 0.03 0.34 0.82 0.66 0.99 0.9 0.1 0.23 0.24 0.4 0.02 0.22 0.32 1.0 0.71 0.29 0.61 0.13 0.33 0.87 0.24 0.79 0.78 0.87  
0.89 0.67 0.82 0.28 0.92 0.98 0.22 0.08 0.56 0.35 0.68 0.71 0.67 0.26 0.18 0.66 0.54 0.92 0.21 0.08 0.67 1.0 0.14 0.05 0.57 0.78 0.68 0.75 0.17 0.98 0.4 0.96 0.8 0.92 0.21 0.53 0.7 0.98 0.16 0.55 0.36 0.37 0.9 0.98 0.14 0.12 0.57 0.14 0.72 0.35 0.78 0.06 0.73 0.35 0.45 0.7 0.21 0.39 0.26 0.67  
0.44 0.46 0.59 0.9 0.09 0.18 0.25 0.84 0.25 0.47 0.76 0.29 0.99 0.99 0.23 0.25 0.13 0.32 0.83 0.84 0.54 0.71 0.6 0.58 0.95 0.13 0.76 0.14 0.55 0.02 0.42 0.94 0.54 0.63 0.17 0.76 0.15 0.15 0.3 0.1 0.59 0.36 0.94 0.6 0.65 0.34 0.86 0.55 0.15 0.78 0.92 0.37 0.0 0.87 0.22 0.41 0.97 0.4 0.68 0.44  
0.23 0.27 0.48 0.87 0.79 0.64 0.1 0.65 0.17 0.15 0.91 0.61 0.5 0.96 0.92 0.91 0.28 0.66 0.48 0.29 0.66 0.37 0.7 0.6 0.59 0.67 1.0 0.27 0.81 0.59 0.95 0.24 0.86 0.99 0.81 0.01 0.65 0.35 0.15 0.71 0.5 0.39 0.03 0.74 0.9 0.47 0.91 0.24 0.97 0.13 0.53 0.51 0.5 0.95 0.81 0.76 0.68 0.29 0.36 0.73  
0.4 0.13 0.29 0.39 0.44 0.16 0.3 0.56 0.24 0.47 0.8 0.33 0.22 0.42 0.5 0.01 0.4 0.76 0.16 0.02 0.61 0.85 0.73 0.5 0.51 0.75 0.67 0.75 0.24 0.85 0.48 0.31 0.27 0.36 0.51 0.93 0.18 0.11 0.94 0.08 0.12 0.1 0.49 0.62 0.95 0.91 0.74 0.3 0.18 0.42 0.16 0.14 0.73 0.19 0.85 0.56 0.49 0.89 0.81 0.8  
0.8 0.3 0.02 0.88 0.54 0.63 0.9 0.14 0.47 0.88 0.77 0.4 0.37 0.37 0.99 0.1 0.92 0.58 0.72 0.38 0.1 0.95 0.15 0.17 0.66 0.33 0.73 0.11 0.38 0.24 0.41 0.27 0.63 0.47 0.3 0.26 0.13 0.75 0.83 0.03 0.18 0.97 0.02 0.83 0.86 0.42 0.1 0.74 0.29 0.49 0.16 0.62 0.05 0.35 0.85 0.95 0.9 0.04 0.57 0.97  
0.59 0.52 0.14 0.74 0.18 0.48 0.57 0.14 0.27 0.6 0.65 0.97 0.12 0.19 0.5 0.6 0.76 0.6 0.59 0.1 0.73 0.48 0.02 0.01 0.52 0.86 0.49 0.36 0.77 0.73 0.45 0.93 0.76 0.58 0.17 0.39 0.79 0.36 0.65 0.16 0.22 0.02 0.76 0.6 0.82 0.89 0.23 0.52 0.37 0.92 0.38 0.85 0.24 0.93 0.17 0.45 0.51 0.95 1.0 0.33  
0.3 0.78 0.1 0.58 0.64 0.02 0.51 0.56 0.63 0.84 0.74 0.3 0.22 0.95 0.0 0.96 0.58 0.35 0.4 0.97 0.17 0.78 0.96 0.47 0.2 0.77 0.4 0.18 0.57 0.63 0.55 0.14 0.33 0.03 0.91 0.36 0.21 0.99 0.53 0.62 0.9 0.55 0.5 0.53 0.75 0.83 0.3 0.95 0.65 0.44 0.45 0.03 0.05 0.87 0.05 0.23 0.75 0.63 0.6 0.59  
0.21 0.94 0.27 0.96 0.92 0.65 0.23 0.87 0.18 0.31 0.83 0.04 0.27 0.32 0.4 0.64 0.97 0.25 0.49 0.95 0.81 0.61 0.51 0.97 0.9 0.42 0.59 0.41 0.27 0.44 0.2 0.17 0.46 0.73 0.24 0.6 0.99 0.13 0.89 0.45 0.59 0.74 0.22 0.76 0.59 0.8 0.31 0.42 0.5 0.83 0.46 0.72 0.06 0.98 0.04 0.9 0.41 0.66 0.88 0.75  
0.3 0.06 0.97 0.83 0.76 0.67 0.75 0.57 0.16 0.59 0.97 0.98 0.75 0.61 0.07 0.76 0.82 0.35 0.32 0.97 0.35 0.34 0.52 0.61 0.72 0.81 0.73 0.73 0.05 0.47 0.99 0.18 0.53 0.34 0.86 0.31 1.0 0.52 0.77 0.37 0.95 0.34 0.79 0.95 0.39 0.64 0.85 0.93 0.23 0.11 0.86 0.41 0.18 0.15 0.0 0.88 0.58 0.16 0.66 0.34  
0.43 0.4 0.5 0.82 0.16 0.33 0.32 0.03 0.95 0.62 0.73 0.01 0.12 0.68 0.27 0.75 0.11 0.98 0.97 0.16 0.85 0.38 0.98 0.68 0.76 0.81 0.15 0.46 0.51 0.83 0.66 0.05 0.78 0.82 0.38 0.16 0.48 0.73 0.7 0.01 0.83 0.72 0.46 0.75 0.3 0.93 0.35 0.27 1.0 0.59 0.76 0.65 0.16 0.23 0.0 0.7 0.68 0.98 0.23 0.76  
0.15 0.5 0.01 0.28 0.78 0.41 0.2 0.53 0.67 0.7 0.98 0.16 0.12 0.92 0.48 0.22 0.9 0.76 0.85 0.7 0.58 0.79 0.87 0.55 0.07 0.38 0.31 0.74 0.37 0.54 0.87 0.9 0.94 0.18 0.31 0.48 0.6 0.84 0.53 0.84 0.87 0.77 0.73 0.77 0.74 0.0 0.48 0.63 0.21 0.68 0.45 0.59 0.96 0.11 0.75 0.78 0.05 0.26 0.47 0.06  
0.32 0.04 0.75 0.08 0.4 0.88 0.64 0.38 0.15 0.76 0.66 0.57 0.53 0.13 0.32 0.28 0.35 0.9 0.05 0.34 0.85 0.92 0.98 0.15 0.28 0.35 0.48 0.15 0.63 0.42 0.53 0.77 0.52 0.25 0.39 0.25 0.61 0.51 0.96 0.34 0.67 0.94 0.5 0.92 0.94 0.1 0.39 0.26 0.95 0.49 0.69 0.6 0.3 0.39 0.92 0.84 0.3 0.89 0.85 0.66  
0.1 0.12 0.64 0.96 0.2 0.15 0.3 0.0 0.97 0.08 0.72 0.09 0.49 0.81 0.77 0.34 0.08 0.82 0.55 0.64 0.79 0.61 0.04 0.66 0.88 0.05 0.21 0.18 0.43 0.33 0.64 0.13 0.4 0.17 0.87 0.05 0.86 0.99 0.38 0.76 0.24 0.13 0.85 0.7 0.07 0.07 0.45 0.25 0.7 0.32 0.37 0.28 0.39 0.31 0.37 0.94 0.83 0.41 0.26 0.77  
0.77 0.27 0.17 0.05 0.38 0.09 0.31 0.49 0.43 0.76 0.49 0.16 0.74 0.35 0.82 0.67 0.3 0.73 0.42 0.96 0.59 0.7 0.53 0.64 0.95 0.38 0.35 0.69 0.73 0.35 0.21 0.67 0.63 0.4 0.12 0.63 0.21 0.42 0.4 0.55 0.76 0.74 0.33 0.69 0.93 0.56 0.07 0.48 0.06 0.25 0.43 0.94 0.22 0.59 0.36 0.86 0.95 0.1 0.01 0.67  
0.08 0.17 0.48 0.92 0.14 0.83 0.6 0.21 0.08 0.38 0.5 0.49 0.41 0.47 0.58 0.65 0.11 0.87 0.68 0.2 0.95 0.04 0.24 0.27 0.51 0.98 0.51 0.93 0.96 0.28 0.01 0.23 0.25 0.87 0.53 0.37 0.16 0.67 0.41 0.78 0.18 0.66 0.77 0.95 0.52 0.87 0.25 0.26 0.48 0.07 0.25 0.46 0.4 0.13 0.11 0.35 0.92 0.1 0.88 0.25  
0.8 0.54 0.12 0.57 0.56 0.73 0.87 0.74 0.48 0.88 0.65 0.91 0.83 0.61 0.21 0.53 0.14 0.58 0.3 0.11 0.34 0.34 0.03 0.64 0.91 0.14 0.41 0.91 0.79 0.72 0.91 0.38 0.84 0.75 0.96 0.3 0.69 0.05 0.37 0.9 0.21 0.29 0.48 0.77 0.99 0.55 0.02 0.7 0.64 0.7 0.51 0.77 0.66 0.17 0.36 0.29 0.6 0.49 0.62 0.16  
0.85 0.61 0.98 0.98 0.66 0.91 1.0 0.21 0.31 0.29 0.75 0.52 0.45 0.0 0.2 0.5 0.92 0.39 0.21 0.93 0.49 0.59 0.6 0.74 0.77 0.5 0.31 0.85 0.04 0.83 0.44 0.32 0.13 0.3 0.15 0.14 0.82 0.06 0.78 0.29 0.96 0.25 0.37 0.79 0.21 0.93 0.56 0.82 0.13 0.5 0.38 0.04 0.17 0.06 0.58 0.57 0.46 0.19 0.54 0.54  
0.23 0.78 0.29 0.32 0.95 0.02 0.11 0.84 0.07 0.61 0.47 0.01 0.18 0.73 0.26 0.52 0.57 0.61 0.3 0.87 0.62 0.8 0.84 0.85 0.47 0.75 0.42 0.3 0.14 0.64 0.52 0.61 0.92 0.85 0.94 0.78 0.29 0.99 0.39 0.7 0.59 0.84 0.53 0.89 0.93 0.26 0.39 0.49 0.09 0.33 0.96 0.29 0.24 0.16 0.97 0.03 0.91 0.77 0.85 0.1  
0.42 0.78 0.84 0.72 0.16 0.68 0.47 0.19 0.35 0.86 0.83 0.99 0.68 0.68 0.75 0.23 0.14 0.16 0.19 0.94 0.5 0.43 0.93 0.56 0.47 0.97 0.77 0.25 0.52 0.6 0.52 0.18 0.84 0.15 0.94 0.68 0.07 0.43 0.42 0.43 0.35 0.47 0.29 0.86 0.58 0.67 0.48 0.18 0.71 0.86 0.31 0.44 0.57 0.87 0.79 0.63 0.33 0.0 0.69 0.55  
0.77 0.21 0.36 0.96 0.87 0.44 0.98 0.33 0.88 0.58 0.25 0.48 0.64 0.83 0.63 0.9 0.55 0.33 0.15 0.02 0.52 0.41 0.69 0.94 0.33 0.07 0.81 0.73 0.55 0.57 0.77 0.97 0.81 0.48 0.2 0.44 0.21 0.04 0.97 0.8 0.25 0.78 0.03 0.34 0.99 0.35 0.87 0.81 0.26 0.56 0.95 0.66 0.92 0.32 0.78 0.07 0.43 0.01 0.8 0.47  
0.08 0.81 0.91 0.4 0.97 0.83 0.64 0.9 0.24 0.07 0.2 0.87 0.77 0.15 0.33 0.33 0.17 0.35 0.71 0.47 0.38 0.49 0.89 0.47 0.3 0.59 0.1 0.73 0.85 0.54 0.15 0.22 0.74 0.37 0.52 0.74 0.47 0.09 0.15 0.78 0.84 0.48 0.86 0.74 0.77 0.65 0.41 0.48 0.79 0.75 0.2 0.13 0.42 0.47 0.01 0.25 1.0 0.99 0.0 0.86  
0.8 0.93 0.12 0.64 0.16 0.22 0.31 0.27 0.39 0.68 0.46 0.85 0.33 0.5 0.97 0.89 0.37 0.86 0.7 0.33 0.32 0.08 0.75 0.98 0.85 0.33 0.89 0.59 0.42 0.62 0.71 0.56 0.86 0.77 0.45 0.58 0.03 0.77 0.39 0.23 0.93 0.97 0.17 0.63 0.79 0.33 0.51 0.33 0.73 0.86 0.41 0.81 0.49 0.74 0.26 0.85 0.43 0.9 0.37 0.34  
0.44 0.74 0.56 0.34 0.44 0.97 0.08 0.16 0.46 0.25 0.63 0.78 0.83 0.96 0.61 0.0 0.56 0.01 0.81 1.0 0.66 0.51 0.5 0.55 0.78 0.45 0.68 0.21 0.85 0.79 0.55 0.42 0.02 0.76 0.56 0.75 0.4 0.16 0.28 0.1 0.78 0.31 0.19 0.06 0.16 0.11 0.97 0.17 0.96 0.66 0.25 0.48 0.34 0.83 0.88 0.27 0.29 0.98 0.65 0.45  
0.55 0.38 0.04 0.83 0.11 0.58 0.14 0.13 0.02 0.22 0.93 0.33 0.4 0.86 0.45 0.57 0.25 0.54 0.67 0.77 0.33 0.86 0.08 0.92 0.38 0.76 0.78 0.57 0.81 0.17 0.5 0.37 0.81 0.11 0.48 0.97 0.76 0.13 0.19 0.73 0.09 0.12 0.06 0.84 0.04 0.22 0.99 0.83 0.97 0.39 0.97 0.33 0.28 0.31 0.64 0.22 0.15 0.09 0.49 0.84  
0.12 0.15 0.44 0.93 0.17 1.0 0.22 0.13 0.52 0.14 0.33 0.99 0.4 0.02 0.69 0.74 0.19 0.44 1.0 0.23 0.13 0.48 0.83 0.88 0.21 0.81 0.72 0.5 0.26 0.66 0.26 0.51 0.57 0.81 0.03 0.22 0.95 0.38 0.37 0.31 0.07 0.24 0.45 0.1 0.35 0.57 0.84 0.65 0.77 0.94 0.85 0.17 0.29 0.2 0.06 0.87 0.05 0.38 0.23 0.74