52.0 22.0 9.0 32.0 48.0 15.0 25.0 1.0 13.0 40.0 14.0 31.0 66.0 47.0 
55.0 38.0 32.0 2.0 50.0 30.0 3.0 43.0 55.0 65.0 5.0 27.0 57.0 13.0 
32.0 17.0 21.0 43.0 50.0 49.0 55.0 63.0 19.0 19.0 69.0 27.0 64.0 7.0 
11.0 25.0 10.0 14.0 65.0 25.0 42.0 63.0 44.0 27.0 69.0 29.0 35.0 26.0 
49.0 62.0 25.0 59.0 29.0 38.0 4.0 52.0 57.0 63.0 16.0 26.0 43.0 14.0 
61.0 54.0 18.0 49.0 35.0 37.0 26.0 20.0 40.0 24.0 38.0 20.0 6.0 6.0 
32.0 64.0 5.0 10.0 52.0 62.0 68.0 50.0 20.0 46.0 26.0 3.0 37.0 2.0 
48.0 16.0 9.0 51.0 16.0 23.0 63.0 43.0 31.0 37.0 15.0 37.0 30.0 53.0 
3.0 40.0 7.0 18.0 25.0 27.0 43.0 10.0 52.0 46.0 56.0 26.0 5.0 38.0 
32.0 53.0 58.0 23.0 24.0 3.0 68.0 20.0 13.0 21.0 24.0 39.0 22.0 8.0 
69.0 22.0 47.0 13.0 15.0 18.0 63.0 32.0 12.0 65.0 16.0 0.0 57.0 62.0 
5.0 2.0 58.0 21.0 56.0 29.0 5.0 57.0 49.0 56.0 0.0 14.0 45.0 3.0 
12.0 47.0 24.0 67.0 13.0 64.0 28.0 69.0 42.0 40.0 49.0 9.0 15.0 42.0 
67.0 41.0 56.0 21.0 52.0 65.0 53.0 41.0 2.0 8.0 43.0 4.0 50.0 9.0 
57.0 23.0 43.0 0.0 12.0 43.0 12.0 31.0 50.0 42.0 60.0 32.0 21.0 46.0 
13.0 8.0 40.0 36.0 41.0 1.0 8.0 24.0 17.0 63.0 33.0 54.0 8.0 19.0 
37.0 64.0 23.0 2.0 43.0 63.0 65.0 21.0 30.0 38.0 15.0 10.0 3.0 1.0 
37.0 32.0 22.0 33.0 10.0 52.0 1.0 16.0 65.0 45.0 69.0 37.0 18.0 17.0 
3.0 69.0 45.0 10.0 11.0 30.0 4.0 8.0 2.0 62.0 40.0 53.0 52.0 26.0 
45.0 49.0 68.0 41.0 16.0 2.0 28.0 4.0 7.0 20.0 12.0 44.0 24.0 3.0 
61.0 21.0 44.0 48.0 26.0 6.0 17.0 68.0 10.0 64.0 46.0 12.0 64.0 13.0 
5.0 64.0 21.0 41.0 27.0 37.0 49.0 29.0 51.0 16.0 41.0 1.0 0.0 7.0 
56.0 36.0 11.0 25.0 2.0 15.0 60.0 3.0 43.0 18.0 52.0 7.0 28.0 23.0 
57.0 12.0 55.0 59.0 26.0 4.0 18.0 67.0 66.0 0.0 65.0 49.0 40.0 26.0 
28.0 17.0 6.0 48.0 47.0 40.0 64.0 43.0 32.0 46.0 20.0 26.0 51.0 28.0 
23.0 38.0 2.0 21.0 4.0 30.0 67.0 65.0 51.0 32.0 0.0 1.0 46.0 60.0 
10.0 49.0 6.0 45.0 17.0 66.0 42.0 65.0 48.0 63.0 53.0 24.0 51.0 52.0 
11.0 19.0 45.0 34.0 2.0 62.0 53.0 55.0 6.0 7.0 59.0 0.0 8.0 3.0 
17.0 0.0 43.0 45.0 21.0 56.0 18.0 7.0 56.0 25.0 37.0 50.0 59.0 11.0 
45.0 32.0 19.0 10.0 11.0 52.0 64.0 42.0 12.0 67.0 41.0 1.0 66.0 10.0 
22.0 64.0 1.0 18.0 29.0 53.0 5.0 48.0 36.0 22.0 0.0 25.0 30.0 24.0 
65.0 21.0 69.0 35.0 22.0 24.0 3.0 67.0 51.0 60.0 37.0 34.0 59.0 58.0 
32.0 28.0 30.0 25.0 22.0 45.0 28.0 24.0 5.0 17.0 3.0 9.0 61.0 13.0 
40.0 47.0 49.0 32.0 61.0 40.0 10.0 2.0 23.0 42.0 48.0 53.0 37.0 46.0 
31.0 69.0 53.0 33.0 69.0 42.0 65.0 33.0 10.0 60.0 47.0 27.0 58.0 57.0 
29.0 61.0 63.0 35.0 62.0 30.0 65.0 56.0 50.0 36.0 52.0 20.0 33.0 28.0 
49.0 60.0 67.0 62.0 35.0 62.0 21.0 56.0 42.0 67.0 45.0 48.0 22.0 48.0 
23.0 6.0 65.0 54.0 66.0 35.0 3.0 4.0 2.0 49.0 32.0 14.0 46.0 32.0 
5.0 27.0 64.0 7.0 28.0 38.0 34.0 35.0 25.0 64.0 38.0 66.0 47.0 24.0 
41.0 25.0 43.0 66.0 55.0 2.0 47.0 8.0 27.0 59.0 2.0 25.0 30.0 25.0 
64.0 61.0 28.0 65.0 51.0 27.0 10.0 36.0 30.0 17.0 63.0 61.0 2.0 19.0 
0.0 68.0 58.0 64.0 18.0 22.0 35.0 21.0 57.0 67.0 51.0 51.0 19.0 64.0 
4.0 39.0 50.0 37.0 2.0 60.0 31.0 57.0 40.0 26.0 17.0 2.0 41.0 31.0 
15.0 54.0 29.0 28.0 19.0 7.0 17.0 11.0 22.0 11.0 39.0 23.0 15.0 42.0 
68.0 64.0 33.0 6.0 19.0 43.0 2.0 32.0 1.0 24.0 42.0 0.0 44.0 39.0 
12.0 69.0 64.0 68.0 44.0 4.0 57.0 24.0 4.0 62.0 3.0 29.0 1.0 12.0 
69.0 29.0 9.0 31.0 61.0 41.0 57.0 43.0 51.0 49.0 13.0 53.0 24.0 5.0 
54.0 21.0 12.0 33.0 1.0 10.0 16.0 17.0 13.0 3.0 30.0 4.0 23.0 69.0 
31.0 42.0 63.0 19.0 46.0 66.0 23.0 66.0 45.0 33.0 63.0 19.0 53.0 26.0 
32.0 3.0 28.0 17.0 21.0 48.0 1.0 13.0 29.0 39.0 52.0 65.0 9.0 58.0 
12.0 25.0 22.0 43.0 3.0 59.0 60.0 33.0 24.0 53.0 11.0 69.0 2.0 38.0 
54.0 6.0 63.0 3.0 26.0 65.0 48.0 66.0 32.0 29.0 14.0 23.0 18.0 62.0 
10.0 65.0 55.0 34.0 43.0 29.0 0.0 3.0 24.0 0.0 48.0 5.0 63.0 34.0 
66.0 64.0 9.0 32.0 58.0 22.0 38.0 46.0 65.0 57.0 29.0 57.0 58.0 27.0 
19.0 29.0 2.0 25.0 20.0 42.0 54.0 58.0 62.0 11.0 46.0 42.0 33.0 57.0 
24.0 20.0 6.0 62.0 5.0 56.0 10.0 5.0 61.0 64.0 44.0 45.0 0.0 60.0 
45.0 59.0 45.0 17.0 49.0 45.0 36.0 5.0 41.0 64.0 47.0 4.0 34.0 53.0 
4.0 50.0 22.0 19.0 51.0 4.0 55.0 13.0 27.0 40.0 52.0 58.0 48.0 34.0 
33.0 53.0 55.0 12.0 27.0 26.0 58.0 25.0 54.0 66.0 17.0 3.0 55.0 13.0 
14.0 22.0 41.0 52.0 34.0 23.0 19.0 12.0 51.0 30.0 3.0 26.0 33.0 50.0 
42.0 4.0 0.0 18.0 40.0 32.0 67.0 13.0 15.0 45.0 51.0 23.0 15.0 1.0 
44.0 15.0 41.0 48.0 31.0 69.0 3.0 39.0 10.0 22.0 16.0 33.0 11.0 59.0 
51.0 5.0 1.0 58.0 67.0 18.0 12.0 12.0 23.0 27.0 60.0 31.0 48.0 36.0 
5.0 16.0 43.0 30.0 53.0 4.0 51.0 39.0 42.0 32.0 38.0 17.0 33.0 29.0 
39.0 41.0 12.0 13.0 7.0 52.0 14.0 28.0 10.0 41.0 9.0 48.0 52.0 21.0 
27.0 35.0 33.0 54.0 25.0 56.0 57.0 46.0 69.0 12.0 17.0 55.0 33.0 64.0 
8.0 68.0 45.0 13.0 23.0 33.0 4.0 26.0 14.0 37.0 25.0 16.0 51.0 31.0 
43.0 40.0 48.0 32.0 42.0 10.0 9.0 30.0 19.0 50.0 47.0 32.0 27.0 55.0 
16.0 58.0 69.0 54.0 32.0 61.0 60.0 26.0 24.0 3.0 47.0 43.0 23.0 1.0 
46.0 69.0 24.0 53.0 59.0 28.0 40.0 2.0 19.0 33.0 60.0 8.0 60.0 48.0 
10.0 16.0 3.0 61.0 56.0 44.0 68.0 63.0 68.0 30.0 24.0 6.0 24.0 56.0 
64.0 38.0 31.0 0.0 32.0 64.0 3.0 31.0 26.0 57.0 62.0 0.0 46.0 49.0 
6.0 31.0 53.0 15.0 60.0 58.0 49.0 46.0 49.0 30.0 18.0 60.0 51.0 52.0 
38.0 8.0 44.0 56.0 57.0 12.0 6.0 48.0 14.0 30.0 30.0 1.0 28.0 10.0 
14.0 40.0 29.0 38.0 40.0 20.0 27.0 45.0 39.0 37.0 20.0 23.0 34.0 47.0 
38.0 41.0 40.0 66.0 32.0 54.0 35.0 18.0 38.0 32.0 66.0 15.0 31.0 62.0 
27.0 6.0 69.0 56.0 16.0 18.0 31.0 44.0 63.0 30.0 24.0 53.0 14.0 67.0 
3.0 22.0 57.0 28.0 1.0 2.0 39.0 11.0 42.0 35.0 17.0 51.0 38.0 61.0 
52.0 41.0 5.0 30.0 54.0 58.0 37.0 48.0 40.0 53.0 30.0 67.0 5.0 27.0 
49.0 69.0 51.0 12.0 60.0 24.0 33.0 53.0 42.0 36.0 60.0 33.0 39.0 65.0 
29.0 55.0 28.0 27.0 57.0 13.0 68.0 51.0 29.0 29.0 12.0 55.0 35.0 63.0 
14.0 36.0 49.0 54.0 38.0 41.0 24.0 53.0 66.0 43.0 14.0 23.0 33.0 30.0 
42.0 13.0 44.0 59.0 61.0 59.0 59.0 48.0 10.0 62.0 41.0 2.0 15.0 14.0 
58.0 6.0 65.0 40.0 56.0 66.0 29.0 24.0 1.0 68.0 60.0 5.0 41.0 65.0 
34.0 38.0 14.0 51.0 36.0 56.0 39.0 47.0 10.0 60.0 20.0 33.0 63.0 0.0 
40.0 25.0 41.0 4.0 33.0 44.0 46.0 50.0 57.0 30.0 18.0 15.0 68.0 19.0 
48.0 65.0 69.0 65.0 28.0 60.0 33.0 58.0 45.0 55.0 4.0 66.0 23.0 24.0 
7.0 13.0 37.0 12.0 48.0 57.0 19.0 35.0 17.0 68.0 10.0 33.0 38.0 38.0 
22.0 0.0 65.0 7.0 6.0 29.0 29.0 0.0 58.0 64.0 27.0 42.0 4.0 37.0 
31.0 59.0 29.0 66.0 6.0 25.0 23.0 27.0 37.0 58.0 62.0 47.0 31.0 50.0 
50.0 15.0 50.0 59.0 46.0 60.0 12.0 21.0 69.0 50.0 51.0 60.0 51.0 22.0 
50.0 28.0 37.0 9.0 58.0 46.0 22.0 51.0 68.0 55.0 20.0 55.0 53.0 26.0 
68.0 5.0 17.0 45.0 36.0 20.0 26.0 36.0 43.0 37.0 54.0 61.0 25.0 66.0 
64.0 9.0 61.0 53.0 3.0 58.0 4.0 34.0 37.0 38.0 9.0 28.0 58.0 17.0 
30.0 30.0 13.0 51.0 17.0 31.0 39.0 11.0 39.0 49.0 23.0 14.0 54.0 49.0 
45.0 48.0 11.0 41.0 22.0 43.0 9.0 59.0 49.0 62.0 61.0 50.0 9.0 5.0 
42.0 69.0 50.0 60.0 31.0 34.0 60.0 20.0 9.0 64.0 5.0 39.0 44.0 56.0 
60.0 69.0 14.0 22.0 20.0 60.0 64.0 54.0 23.0 23.0 60.0 0.0 30.0 29.0 
69.0 2.0 12.0 21.0 45.0 60.0 38.0 58.0 20.0 34.0 39.0 41.0 42.0 29.0 
28.0 58.0 51.0 39.0 12.0 25.0 34.0 22.0 52.0 29.0 42.0 64.0 9.0 38.0 
